0.703125
0.681641
0.820312
0.822266
0.664062
0.625
0.78125
0.78125
0.78125
0.878906
0.742188
0.742188
0.585938
0.664062
0.693359
0.585938
0.728516
0.664062
0.806641
0.828125
0.742188
0.703125
0.742188
0.78125
0.943359
0.787109
0.859375
0.664062
0.878906
0.703125
0.859375
0.962891
0.78125
0.669922
0.820312
0.740234
0.625
0.664062
0.816406
0.664062
0.820312
0.703125
0.742188
0.703125
0.664062
0.742188
0.78125
0.949219
0.644531
0.78125
0.9375
0.742188
0.703125
0.78125
0.703125
0.826172
0.730469
0.703125
0.703125
0.703125
0.820312
0.703125
0.78125
0.78125
0.871094
0.63671875
0.78125
0.683594
0.741
0.742188
0.910156
0.732422
0.703125
0.703125
0.921875
0.787109
0.664062
0.65
0.698
0.78125
0.859375
0.703125
0.820312
0.705
0.804688
0.740234375
0.703125
0.609375
0.820312
0.703125
0.859375
0.773438
0.664062
0.736328125
0.599609375
0.703125
0.833984
0.63671875
0.78125
0.876953
0.626953125
0.976562
0.6328125
0.644
0.664062
0.698
0.644
0.703125
0.78125
0.73046875
0.703125
0.703125
0.820312
0.878906
0.573
0.976562
0.65
0.882812
0.541015625
0.946
0.917969
0.742188
0.859375
0.78125
0.898438
0.78125
0.779296875
0.851562
0.742188
0.720703125
0.703125
0.537109375
0.546875
0.742188
0.705
0.859375
0.8359375
0.78125
0.878906
0.703125
0.513671875
0.623046875
0.775390625
0.664062
0.742188
0.78125
0.917969
0.65
0.78125
0.78125
0.647
0.57421875
0.613
0.78125
0.898438
0.702
0.78125
0.677
0.820312
0.808594
0.78125
0.78125
0.820312
0.78125
0.703125
0.859375
0.703125
0.703125
0.664062
0.703125
0.625
0.898438
0.859375
0.703125
0.742188
0.742188
0.703125
0.703125
0.703125
0.703125
0.703125
0.78125
0.78125
0.703125
0.820312
0.625
0.78125
0.644531
0.859375
0.703125
0.664062
0.703125
0.898438
0.859375
0.703125
0.78125
0.664062
0.625
0.78125
0.703125
0.664062
0.820312
0.664062
0.78125
0.78125
0.703125
0.742188
0.751953
0.742188
0.664062
0.820312
0.78125
0.742188
0.703125
0.742188
0.859375
0.804688
0.742188
0.78125
0.703125
0.703125
0.78125
0.78125
0.625
0.78125
0.820312
0.78125
0.898438
0.820312
0.703125
0.761719
0.703125
0.859375
0.703125
0.742188
0.703125
0.703125
0.625
0.820312
0.742188
0.703125
0.683594
0.78125
0.820312
0.78125
0.703125
0.78125
0.625
0.976562
0.820312
0.820312
0.820312
0.859375
0.78125
0.585938
0.703125
0.722656
0.78125
0.703125
0.742188
0.664062
0.78125
0.626953
0.742188
0.703125
0.78125
0.664062
0.820312
0.78125
0.689453
0.742188
0.703125
0.78125
0.703125
0.859375
0.742188
0.703125
0.722656
0.78125
0.742188
0.703125
0.742188
0.703125
0.820312
0.820312
0.820312
0.703125
0.78125
0.703125
0.898438
0.703125
0.703125
0.703125
0.605469
0.5078125
0.625
0.765625
0.55078125
0.64453125
0.78125
0.6640625
0.703125
0.703125
0.763671875
0.703125
0.625
0.617188
0.625
0.703125
0.64453125
0.582
0.78125
0.585938
0.701172
0.78125
0.802734375
0.789
0.72265625
0.615234
0.51953125
0.72265625
0.7421875
0.664062
0.703125
0.64453125
0.703125
0.8125
0.625
0.703125
0.664062
0.523438
0.53125
0.552734
0.644531
0.644531
0.585938
0.75
0.71484375
0.697266
0.56640625
0.748046875
0.615234
0.703125
0.617188
0.664062
0.595703
0.6875
0.546875
0.656
0.720703125
0.722656
0.60546875
0.603516
0.56640625
0.7109375
0.703125
0.637
0.64
0.61328125
0.546875
0.703125
0.642578125
0.613
0.9765625
0.664062
0.703125
0.703125
0.724609
0.634765625
0.637
0.628
0.722656
0.714
0.652344
0.742188
0.625
0.703125
0.664062
0.654297
0.703125
0.703125
0.664062
0.564
0.721
0.625
0.5859375
0.607
0.78125
0.644531
0.644531
0.742188
0.58203125
0.630859375
0.717
0.62890625
0.78125
0.591797
0.703125
0.525391
0.662
0.659
0.585938
0.78125
0.664062
0.7421875
0.761719
0.742188
0.49609375
0.802734375
0.6484375
0.585938
0.6640625
0.703125
0.681640625
0.664062
0.605469
0.638671875
0.7421875
0.66796875
0.605469
0.56640625
0.673828
0.955078
0.6640625
0.6640625
0.782
0.703125
0.761719
0.5859375
0.625
0.702
0.742188
0.546875
0.703125
0.703125
0.644531
0.625
0.833984375
0.703125
0.53125
0.689453125
0.703125
0.607421875
0.692
0.703125
0.537109375
0.587890625
0.5859375
0.703125
0.625
0.546875
0.755859
0.548828
0.703125
0.714
0.537109
0.68359375
0.5859375
0.64453125
0.724609375
0.703125
0.67578125
0.68359375
0.597656
0.683594
0.703125
0.566406
0.703125
0.6640625
0.585938
0.722656
0.617188
0.744140625
0.767578125
0.585938
0.703125
0.65625
0.648438
0.820312
0.642578125
0.64
0.761719
0.644531
0.69140625
0.625
0.664062
0.60546875
0.609375
0.703125
0.705078125
0.7109375
0.742188
0.662109375
0.4609375
0.585938
0.703125
0.626953125
0.664062
0.642578125
0.585938
0.585938
0.703125
0.585938
0.703125
0.703125
0.56640625
0.664062
0.642578
0.722656
0.76171875
0.607
0.72265625
0.742188
0.703125
0.833984375
0.69140625
0.78125
0.644531
0.664062
0.5390625
0.625
0.763672
0.570312
0.664062
0.877
0.617188
0.625
0.703125
0.583984375
0.703125
0.53125
0.53710938
0.808
0.73046875
0.691406
0.703125
0.585938
0.587891
0.68359375
0.66796875
0.66796875
0.716796875
0.78125
0.742188
0.56640625
0.601562
0.5859375
0.769
0.546875
0.65234375
0.556641
0.78125
0.634765625
0.703125
0.712891
0.673828
0.789
0.703125
0.556641
0.742188
0.60546875
0.615234
0.8046875
0.6171875
0.54296875
0.742188
0.644531
0.664062
0.61328125
0.6640625
0.859375
0.68359375
0.6640625
0.658203125
0.703125
0.625
0.568359
0.5625
0.664062
0.644531
0.644531
0.625
0.564453125
0.71484375
0.78125
0.7421875
0.703125
0.628906
0.65625
0.638671875
0.703125
0.576172
0.6171875
0.722656
0.544922
0.703125
0.623047
0.765625
0.585938
0.59375
0.586
0.595703
0.854
0.68359375
0.55859375
0.703125
0.671875
0.654296875
0.679688
0.585938
0.703125
0.541015625
0.625
0.67578125
0.703125
0.703125
0.623046875
0.767578
0.611328125
0.703125
0.703125
0.625
0.662109375
0.689453
0.722656
0.603516
0.73046875
0.58984375
0.625
0.6484375
0.66015625
0.595703
0.617188
0.779297
0.6328125
0.583984
0.6328125
0.673828
0.585938
0.60546875
0.751
0.76171875
0.69921875
0.605469
0.703125
0.58984375
0.644531
0.65
0.611328
0.76953125
0.585938
0.640625
0.625
0.646484375
0.703125
0.585938
0.60546875
0.683594
0.773438
0.664062
0.6484375
0.703125
0.703125
0.669922
0.6640625
0.589844
0.791016
0.703125
0.644531
0.644531
0.703125
0.625
0.703125
0.761719
0.703125
0.60546875
0.683594
0.742188
0.644531
0.5859375
0.742188
0.625
0.625
0.527344
0.751953
0.605469
0.761719
0.71875
0.625
0.742188
0.628
0.703125
0.703125
0.546875
0.568359
0.671875
0.599609375
0.5859375
0.742188
0.722656
0.625
0.625
0.878906
0.703125
0.703125
0.703125
0.568359
0.703125
0.681640625
0.703125
0.605469
0.58984375
0.671
0.742188
0.54
0.664062
0.75
0.703125
0.66796875
0.625
0.703125
0.623047
0.5390625
0.703125
0.5703125
0.62890625
0.761719
0.703125
0.703125
0.586
0.703125
0.66796875
0.703125
0.703125
0.7421875
0.5625
0.703125
0.6640625
0.703125
0.585938
0.578125
0.56640625
0.686
0.732422
0.78125
0.56640625
0.728515625
0.63671875
0.625
0.689453125
0.48828125
0.585938
0.556641
0.703125
0.62890625
0.729
0.650390625
0.703125
0.6640625
0.703125
0.585938
0.820312
0.664062
0.703125
0.646484
0.585938
0.60546875
0.609375
0.611328125
0.732422
0.585938
0.830078125
0.64453125
0.7421875
0.513672
0.625
0.572265625
0.78125
0.72
0.664062
0.5859375
0.6640625
0.6640625
0.703125
0.6640625
0.703125
0.585938
0.636719
0.703125
0.703125
0.703125
0.617188
0.664062
0.56640625
0.683594
0.794922
0.666015625
0.654296875
0.72265625
0.638671875
0.703125
0.703125
0.703125
0.711
0.585938
0.644531
0.51953125
0.703125
0.658203
0.751953
0.720703
0.664062
0.6484375
0.5078125
0.6640625
0.585938
0.66796875
0.63476563
0.625
0.5234375
0.6640625
0.710938
0.68359375
0.703125
0.625
0.703125
0.55078125
0.677734375
0.546875
0.644531
0.546875
0.742188
0.644531
0.625
0.728516
0.626953125
0.703125
0.523438
0.703125
0.80078125
0.5390625
0.546875
0.546875
0.585938
0.664062
0.703125
0.697266
0.722656
0.76171875
0.742188
0.609375
0.734375
0.615234
0.646484
0.625
0.626953
0.81640625
0.546875
0.585938
0.703125
0.70703125
0.761719
0.625
0.703125
0.56640625
0.7421875
0.65234375
0.664062
0.5859375
0.703125
0.703125
0.703125
0.78125
0.703125
0.666015625
0.6640625
0.585938
0.732
0.599609
0.664062
0.66796875
0.703125
0.722656
0.703125
0.78125
0.626953
0.615234
0.751953
0.66015625
0.664062
0.68359375
0.75
0.648438
0.671875
0.5625
0.732422
0.757812
0.64
0.662109375
0.703125
0.742188
0.56640625
0.625
0.67578125
0.564453
0.625
0.497
0.703125
0.703125
0.558
0.546875
0.644531
0.585938
0.664062
0.664062
0.665
0.5859375
0.830078125
0.52734375
0.585938
0.703125
0.664062
0.6640625
0.748047
0.566406
0.585938
0.6796875
0.625
0.65234375
0.623046875
0.5859375
0.75
0.640625
0.605469
0.703125
0.638672
0.7421875
0.76171875
0.6640625
0.619141
0.673828125
0.585938
0.546875
0.761719
0.703125
0.625
0.703125
0.7421875
0.703125
0.6171875
0.671
0.65625
0.703125
0.5859375
0.622
0.703125
0.607421875
0.566406
0.585938
0.787109
0.585938
0.654297
0.7734375
0.7109375
0.664062
0.703125
0.744
0.646484375
0.605469
0.636719
0.7421875
0.683594
0.623047
0.68359375
0.615234
0.664062
0.652344
0.698
0.703125
0.5859375
0.703125
0.664062
0.585938
0.724609375
0.671875
0.741
0.625
0.585938
0.579
0.576172
0.65234375
0.644531
0.625
0.621094
0.64453125
0.630859375
0.703125
0.78125
0.582
0.722656
0.726562
0.666015625
0.60546875
0.7421875
0.654297
0.738
0.64453125
0.556640625
0.5859375
0.605469
0.6640625
0.78125
0.64453125
0.72
0.703125
0.78125
0.859375
0.722656
